50
100
150
200
250
300
400
500
600
700
800
900
1000
1100
1200
1300
B
14.67355
14.86920
17.19561
19.51251
21.82507
24.13559
26.44508
31.06252
35.67896
40.29488
44.91052
49.52599
54.14137
58.75669
63.37198
67.98724
72.60250
B
2437.89
2443.87
2515.50
2587.86
2661.27
2735.95
2812.06
2968.89
3132.26
3302.45
3479.63
3663.84
3855.03
4053.01
4257.47
4467.91
4683.68
B
2584.63
2592.56
2687.46
2782.99
2879.52
2977.31
3076.51
3279.51
3489.05
3705.40
3928.73
4159.10
4396.44
4640.58
4891.19
5147.78
5409.70
B 
8.1501
8.1749
8.4479
8.6881
8.9037
9.1002
9.2812
9.6076
9.8977
10.1608
10.4028
10.6281
10.8395
11.0392
11.2287
11.4090
14.5810
