150
200
250
300
400
500
600
700
800
900
1000
1100
1200
1300
B
0.63388
0.71629
0.79636
0.87529
1.03151
1.18669
1.34136
1.49573
1.64994
1.80406
1.95812
2.11214
2.26614
2.42013
B
2570.79
2650.65
2728.69
2806.69
2965.53
3129.95
3300.79
3478.38
3662.85
3854.20
4052.27
4256.77
4467.23
4682.99
B
2760.95
2865.54
2967.59
3069.28
3274.98
3485.96
3703.20
3927.10
4157.83
4395.42
4639.71
4890.41
5147.07
5409.03
B
7.0778
7.3115
7.5165
7.7022
8.0329
8.3250
8.5892
8.8319
9.0575
9.2691
9.4689
9.6585
9.8389
10.0109
