150
200
250
300
400
500
600
700
800
900
1000
1100
1200
1300
B
1.69400
1.93636
2.17226
2.40604
2.63876
3.10263
3.56547
4.02781
4.48986
4.95174
5.41353
5.87526
6.33696
6.79863
7.26030

B
2506.06
2582.75
2658.05
2733.73
2810.41
2967.85
3131.54
3301.94
3479.24
3663.53
3854.77
4052.78
4257.25
4467.70
4683.47
B
2675.46
2776.38
2875.27
2974.33
3074.28
3278.11
3488.09
3704.72
3928.23
4158.71
4396.12
4640.31
4890.95
5147.56
5409.49
B
7.3593
7.6133
7.8342
8.0332
8.2157
8.5434
8.8341
9.0975
9.3398
9.5652
9.7767
9.9764
10.1658
10.3462
10.5182
