50
100
150
200
250
300
400
500
600
700
800
900
1000
1100
1200
1300
B
None
3.41833
3.88937
4.35595
4.82045
5.28391
6.20929
7.13364
8.05748
8.98104
9.90444
10.82773
11.75097
12.67418
13.59737
14.52054


None
2511.61
2585.61
2659.85
2734.97
2811.33
2968.43
3131.94
3302.22
3479.45
3663.70
3854.91
4052.91
4257.37
4467.82
4683.58
B
None
2682.52
2780.08
2877.64
2975.99
3075.52
3278.89
3488.62
3705.10
3928.51
4158.92
4396.30
4640.46
4891.08
5147.69
5409.61
B
None
7.6947
7.9400
8.1579
8.3555
8.5372
8.8641
9.1545
9.4177
9.6599
9.8852
10.0967
10.2964
10.4858
10.6662
10.8382

