
150
200
250
300
400
500
600
700
800
900
1000
1100
1200
1300
B

0.88573
0.95964
1.08034
1.19880
1.31616
1.54930
1.78139
2.01297
2.24426
2.47539
2.70643
2.93740
3.16834
3.39927
3.63018

B

2529.49
2576.87
2654.39
2731.22
2808.55
2966.69
3130.75
3301.36
3478.81
3663.19
3854.49
4052.53
4257.01
4467.46
4683.23

B

2706.63
2768.80
2870.46
2970.98
3071.79
3276.55
3487.03
3703.96
3927.66
4158.27
4395.77
4640.01
4890.68
5147.32
5409.26

B

7.1271
7.2795
7.5066
7.7085
7.8926
8.2217
8.5132
8.7769
9.0194
9.2450
9.4565
9.6563
9.8458
10.0262
10.1982

